m/z	I
97.58886	894746
98.57343	1658094
98.5751	553825
98.57664	518063
99.2883	1740786
99.65823	9618979
99.65878	3895803
99.65917	3377438
99.65974	3218731
99.66132	2419859
100.41776	490033
102.24734	390884
105.45177	313188
107.40342	356288
110.86043	430248
112.14308	702733
112.7249	4101239
112.72555	2204722
112.72704	1651107
112.72893	1251746
119.01518	572102
121.39676	724998
124.25162	628601
124.66218	2422672
124.66301	1286339
124.66373	1089372
124.66713	760648
127.61668	722923
129.49669	502825
141.63231	1127211
141.6354	480954
149.00969	512722
157.12408	333726
159.02286	1844413
163.03963	397708
171.10278	751239
173.00924	1445055
179.03506	678880
179.05624	979164
184.75449	540153
187.09764	630960
199.17021	985133
205.03548	744410
212.07516	445085
214.14475	832554
225.18667	467300
227.20184	7944848
227.2049	1776049
228.16062	2317216
228.20512	1096371
229.1642	417954
230.03279	1779604
231.04061	2379894
231.54232	681243
233.15494	1640373
238.03021	90430464
238.53188	21017810
239.03263	3564065
239.09306	473012
239.20196	570058
239.53394	809308
241.01222	835877
241.21735	6160352
242.17625	29900518
242.21965	998594
243.17958	3991343
246.02754	1655950
248.96048	472119
249.02116	6377843
249.52282	1612132
250.14455	591200
252.04634	537115
253.21744	6834550
254.22079	1499960
255.06779	823858
255.07535	870035
255.08069	892052
255.23302	160620560
255.40366	885573
255.40636	890717
255.4216	871992
255.42426	855512
255.42685	817929
255.43205	768498
255.43974	742795
255.45256	729845
255.47555	714905
255.50387	663798
255.58361	586491
256.15563	698371
256.23633	27344952
257.23976	2224757
259.02299	720837
263.04147	502491
263.12911	629071
265.14796	15254479
266.15141	2006052
267.14405	520306
267.23307	1795864
269.08859	654687
269.24867	12200356
270.20753	1228169
270.25218	2123003
271.22796	923604
272.18659	878985
276.62747	13787247
277.12917	4112578
277.21778	531570
277.63047	693949
279.16399	989735
279.23294	4906962
280.23626	864873
281.24865	19492962
282.25177	3760269
282.62669	814638
282.74603	743643
282.77421	831188
282.78069	796436
282.81521	810198
282.82779	874455
283.26425	338811968
283.66726	932062
283.67996	882846
283.68943	904111
283.69267	951087
283.69588	801151
283.69904	810543
283.70841	825584
283.71166	830160
283.73058	803729
283.73385	834609
283.74962	779882
283.76534	844738
283.78455	749739
283.87013	646808
283.87639	616472
283.91758	593602
284.0474	497528
284.07583	517650
284.26765	63652972
285.03993	953895
285.27115	5750912
289.07185	34272656
290.07526	5589054
291.07593	572074
293.12499	850790
293.17948	7153212
293.18419	1665628
294.18303	1285649
295.04605	6984526
296.04937	959969
296.07195	562812
297.15305	14153572
297.24327	1678761
297.27982	2068055
298.15649	2498793
299.07701	1260100
299.11349	825066
299.14873	736619
299.20198	1512520
299.25934	1348722
300.02775	870393
300.20552	543041
301.03545	4776773
301.21674	796223
301.23858	2463100
302.03885	874633
303.05083	1535732
304.06958	2916799
304.57087	897240
305.06659	6425228
306.06987	854541
307.19114	603487
309.17417	6808638
309.2787	779319
310.17765	899353
311.0409	8677531
311.16861	46057672
311.29537	6083058
312.04417	1247021
312.17195	8519330
312.29837	1336583
313.16431	2077640
313.17658	856900
315.02506	3354855
315.07237	1100641
315.1093	612172
315.18011	539110
315.52689	1027772
319.02748	698843
319.04583	598779
319.08281	626323
319.24058	556059
320.19023	782226
321.21997	5472600
322.2237	997525
323.1347	1700639
323.22016	2000807
325.04833	2892221
325.05785	1194449
325.09309	5599442
325.18413	46330780
326.05277	547186
326.09689	914863
326.18751	8978362
327.04509	1066149
327.1801	1829654
327.19127	801399
327.25364	1268025
328.1829	503774
329.0509	560452
329.08802	1971650
329.19093	7977893
329.26954	3982858
330.19423	2163134
330.27333	932949
331.0377	1542171
331.06698	2805113
333.02182	722809
333.05851	565374
335.077	1657752
336.23714	543365
336.27582	597952
336.32715	2201673
337.07727	2098180
337.09287	1610908
337.20548	2471027
337.32969	606646
339.19979	27569200
339.32638	1995836
340.20311	5649611
341.08633	2780937
341.10883	10369844
341.12499	1371659
341.17754	639572
341.19535	1049884
341.26941	779654
342.11182	1405901
343.10241	944105
343.99489	745895
345.11847	1060676
347.1163	744166
350.3057	492465
351.25146	2772212
352.25575	566250
353.20014	4178998
353.34282	962103
354.20269	645916
355.10347	1425796
355.1964	595913
355.28511	8195854
356.28872	2052838
357.05928	1142539
365.24605	1581609
367.35792	3014789
368.36176	662842
369.29988	761965
371.09675	656483
372.30377	1306361
374.2446	4382781
374.30068	654131
375.24724	1083198
375.27512	4166733
375.283	997900
376.27912	828282
377.0855	3403868
377.18198	1460341
378.09022	506597
379.08222	782637
379.10412	1114055
381.2311	1518131
381.37379	1327286
382.33261	3475646
383.31698	618420
383.3361	946866
383.35448	566872
387.11407	8360135
388.11712	1256851
389.0142	1171903
390.23874	724127
391.03082	1316829
391.5335	528633
393.27717	2275367
395.19211	918748
395.27563	813240
395.38989	838214
397.22567	1856075
397.33191	922157
398.02056	652958
398.32611	771994
401.14369	692218
403.06418	648549
403.30617	6123503
403.31548	1424465
404.29336	1090047
404.30961	1714996
405.02788	4316861
405.03719	1133504
405.52973	1745275
406.03014	679714
409.09575	641425
410.22075	2412436
411.22566	557028
412.21764	917044
414.03205	976282
414.3222	2066267
420.25	8219596
420.25986	1809685
421.04104	2936163
421.25362	1705625
421.54205	1367851
429.24766	975509
431.1406	1197554
431.19275	1480113
447.09255	5530193
448.09685	1410873
449.10912	3125761
451.10288	4736334
457.2806	2060912
461.07198	11778634
462.07566	2791099
463.08771	31088156
464.09132	7398341
465.09305	1571119
475.73146	1504212
475.81165	1528688
475.82945	1482987
475.8385	1520889
475.86515	1524002
475.88295	1563805
475.9008	1577049
475.90975	1564198
475.9275	1611522
475.93648	1579535
475.94533	1544221
475.95427	1601259
475.96315	1636408
475.97213	1658822
475.98103	1600404
475.98984	1597537
475.99875	1681007
476.00772	1688829
476.01666	1739722
476.02562	1730584
476.03452	1696293
476.04343	1756211
476.0524	1759297
476.06127	1683086
476.07895	1863401
476.08799	1835831
476.09689	1844804
476.10583	1833170
476.11477	1934623
476.12372	1865389
476.13259	1896891
476.14153	1927688
476.15045	1925078
476.15935	1944355
476.16824	1980529
476.1772	2010430
476.18623	2097356
476.19515	1971417
476.20393	2004583
476.21287	2031284
476.22184	2156418
476.23082	2042895
476.23966	2091740
476.24861	2162666
476.25751	2136119
476.26642	2134597
476.27534	2213394
476.28431	2252768
476.29321	2214253
476.3021	2278331
476.31102	2329160
476.32	2362709
476.32897	2408931
476.33787	2382320
476.34678	2434430
476.35576	2473355
476.36468	2456344
476.37358	2481638
476.38252	2547123
476.39144	2525953
476.40033	2631566
476.40928	2703899
476.41829	2719785
476.4272	2701302
476.43616	2745731
476.44504	2716881
476.45393	2790942
476.46289	2904939
476.47184	2916281
476.4808	3018950
476.48973	2951315
476.49863	3010080
476.5076	3126318
476.51655	3110459
476.52548	3162056
476.53441	3194582
476.54335	3276771
476.55228	3254512
476.56119	3354621
477.06689	530072288
477.57342	2678575
477.58238	2657979
477.59134	2545352
477.6003	2579732
477.60931	2520609
477.61831	2457581
477.62727	2359738
477.63623	2349446
477.64526	2354771
477.65422	2160927
477.66318	2240172
477.67218	2124856
477.68114	2107909
477.69013	2053905
477.69913	2038494
477.70813	1946474
477.71707	1873847
477.72597	1817667
477.73491	1837071
477.74393	1871644
477.75296	1825064
477.76198	1744245
477.7709	1669249
477.77985	1663757
477.78883	1586330
477.79771	1561702
477.80663	1499507
477.81548	1468511
477.82439	1489419
477.83329	1497816
478.07066	118817888
479.07289	23960448
479.08547	7752334
480.07506	4020295
488.23801	1672934
493.06139	5188232
494.0629	1319148
499.04787	11921625
500.05241	2757464
505.09783	2349992
509.22246	1380129
539.5029	2366636
540.50854	974064
549.08658	1710560
553.56631	664510
553.59023	697288
553.60267	644677
553.6263	681599
553.63851	663804
553.65058	706489
553.66279	719798
553.67486	694707
553.6867	682000
553.69882	835789
553.71112	802475
553.72319	800744
553.73519	816613
553.74729	874338
553.75945	890047
554.26093	139082000
554.7627	1552026
555.2638	41558132
556.26735	7799006
556.28462	1805085
557.26785	1238864
567.03844	698934
567.53419	1789973
568.53674	978333
573.34302	638779
576.24442	1347754
577.13108	968233
578.13766	573633
585.50832	581054
593.12717	667993
593.14859	1583033
598.28608	3689089
599.2899	1419766
609.14488	6479778
610.14618	1913693
611.15	734625
611.28227	920107
612.22423	622986
613.53647	1001296
622.24906	1368127
623.24698	647791
630.47867	600477
631.05428	727109
641.56648	613690
658.50881	737946
680.2101	1247147
680.71534	792892
