m/z	I
97.58885	940835
97.59193	318870
98.36005	306949
98.57343	1835189
98.57396	474535
98.57511	607102
98.57663	626854
99.28828	1456788
99.65821	8196622
99.65874	3374520
99.65916	2996701
99.65977	2758859
99.66131	2187979
100.41774	940836
103.72311	546211
105.45171	343717
107.40347	852222
107.40712	340566
108.39501	442767
110.86041	335567
112.14309	599441
112.72489	3949694
112.72555	2199722
112.72895	1249310
112.9855	429370
113.92642	368546
121.39672	805600
124.2516	411715
124.66214	1577865
124.66712	543163
127.6168	334232
129.49663	377960
134.75264	302841
141.63227	543362
149.00964	610535
155.58448	371850
159.02286	2109137
159.35748	500108
163.0404	464009
171.10282	555355
173.00941	559423
179.03482	598483
179.05604	412334
184.76315	1406961
187.09747	462439
199.17016	926067
201.0384	490550
205.03555	423415
212.07535	398474
213.18627	378714
214.14459	632758
223.05862	578358
225.18624	830022
227.20185	10043269
228.16069	2805096
228.20513	1521929
229.16377	450250
230.03289	1201907
231.04069	1776023
231.54177	432970
233.15503	1050968
238.03024	62721732
238.08721	953047
238.53205	15131251
238.54253	2590920
238.55226	1266700
239.03272	2123222
239.20187	1068449
239.53381	651158
241.01212	731517
241.21743	9099323
242.17627	32950554
242.22	1578756
243.16086	733978
243.17957	4650750
246.02754	1041126
248.9607	717154
249.02116	5006978
249.1493	728474
249.52276	1265513
253.21741	14888936
254.22081	2788264
255.08323	868498
255.23303	152900320
255.45246	741657
255.45772	763626
255.4604	690611
255.52184	641601
255.58616	582608
256.15544	758210
256.17934	760620
256.23634	25730116
257.23987	2217328
258.17115	613337
263.04133	894100
263.12897	1536170
265.14798	34868476
266.15141	4353346
267.1436	1563810
267.23311	3790925
268.23678	726243
269.08816	906098
269.24869	13054077
270.20754	1540271
270.25211	2224660
271.22782	1143227
272.18643	644007
276.62745	7734226
277.12888	2063853
277.21766	710389
278.15288	605354
279.16385	1913820
279.23293	7085746
280.23639	1351007
281.24868	35280476
282.2519	6801108
282.6267	620596
282.75244	658239
282.88138	847227
282.89079	874475
283.26427	288226560
283.6389	860749
283.64526	802446
283.66726	812640
283.68315	810481
283.68944	783570
283.69272	783538
283.69909	785827
283.7023	741347
283.70872	681979
283.73059	707333
283.77817	647346
284.09486	517502
284.13936	594778
284.26765	54333796
285.04033	1173579
285.27113	5043265
289.07183	35584824
290.07529	5813732
291.07578	602040
293.12539	952968
293.17938	16062999
294.18291	2617276
295.04608	9471444
295.17492	820830
296.04932	1352815
297.15305	25439442
297.24305	2338064
297.27982	2174758
298.15646	4612918
299.0772	1721924
299.11349	1035107
299.14862	1270401
299.2592	1546349
300.02814	787329
301.03543	4824737
301.23851	2592057
302.03849	827763
302.24127	605634
303.05086	1351011
304.06963	1957640
305.06661	10469555
306.06998	1550486
307.26375	932744
309.17412	16316999
309.20982	860218
309.27908	1370239
310.17766	2532888
310.99148	623120
311.04096	9242888
311.16859	82119728
311.29529	6817882
312.04427	1311423
312.17196	14776826
312.29836	1597204
313.16423	3402250
313.1762	1431374
313.23744	549529
314.1678	652412
315.02499	913771
315.07219	851492
315.10895	643902
315.25366	578730
317.02829	590879
319.02746	540678
319.04571	690561
319.08261	644512
319.24061	1256711
320.19005	1777578
321.18976	1055712
321.21997	17739452
322.22332	3221593
323.13465	2057925
323.22016	2010009
325.04833	5775549
325.05777	2101537
325.09326	8037840
325.18417	77243704
326.05246	970386
326.09688	1231934
326.18758	15120613
327.04519	1766165
327.1799	3293776
327.1912	1294137
327.25385	1261607
328.18303	819697
329.08789	2073418
329.19104	3952311
329.19758	1050762
329.26956	4298233
330.19401	1227195
330.27325	933158
331.03719	686802
331.06691	1964839
333.02228	1001776
335.07703	1602126
335.09131	764988
336.3279	579671
337.0775	11818177
337.09335	2268168
337.20541	5782167
338.08129	1605670
338.20819	865483
339.05757	621708
339.07499	854643
339.19984	46186680
339.32637	2970219
340.20321	9502609
340.33042	750421
341.08736	3869334
341.10891	3720831
341.12509	989581
341.19543	1949345
341.20675	1032254
341.26966	958575
342.09044	722989
342.19924	533732
343.10276	860793
343.21256	610411
343.99482	1427783
345.11858	1193053
347.11546	565338
348.22071	847309
349.24137	673034
351.25148	2362863
352.25506	597627
353.20009	10407593
353.34259	1548624
354.20343	1680810
355.10331	1989187
355.19682	515394
355.28511	5896336
356.28881	1554659
357.05939	938122
361.06901	863476
363.26687	1174093
365.23475	710511
365.24616	2518504
366.25103	525663
367.15281	721118
367.24273	931412
367.35796	5716764
368.36147	1440888
369.30069	1224849
371.09712	803314
372.30387	1112760
373.29454	669643
374.24457	3133653
374.30066	642967
375.27509	3555660
375.28306	898539
376.27923	824747
377.08553	2933691
377.18209	1259367
379.10324	4644570
380.10663	848052
381.23118	3429501
381.37374	2437306
382.23487	693734
382.33258	1310025
382.37826	669243
383.31698	1017744
383.35422	896931
385.16239	594401
387.11384	3475241
388.29908	551833
389.14397	764908
390.2389	1005882
393.27719	3933833
394.28151	886362
395.09773	692803
395.19252	710415
395.27537	1542771
395.38927	1918456
396.27956	543312
396.39376	636844
397.22592	4566427
397.33195	1336357
398.22881	735766
398.32625	534459
401.14369	568287
403.06434	664506
403.30617	4892018
403.31544	1125813
404.29301	1498750
404.31009	1440100
405.02844	2069379
405.52974	945594
407.18344	763141
410.22094	4188403
411.22549	845011
411.34717	829212
412.21789	1473535
414.03169	656742
414.32227	1464350
417.21109	802321
420.25003	6107688
420.28856	862326
421.0414	1510218
421.16306	1367859
421.22585	2101139
421.25458	1269801
425.25769	1545081
425.36416	1056618
431.14022	2168512
431.1928	1658475
441.25231	1878112
447.09254	6950640
448.09654	1761675
449.10954	1884904
451.10296	5566072
461.07206	12782127
462.07557	3185068
463.08776	38770456
464.09125	9081410
464.27658	3107364
465.0931	1776378
475.21627	1815488
475.83826	1680057
475.87398	1727732
475.88295	1692419
475.90069	1740704
475.90969	1780591
475.91862	1710334
475.92749	1724429
475.95411	1790137
475.96308	1835399
475.97204	1817750
475.98089	1838245
475.98984	1863731
475.9988	1909762
476.00771	1866385
476.01658	1881439
476.02551	1947950
476.03451	2004093
476.04345	1898315
476.05233	1925274
476.06124	1929576
476.07008	1884727
476.07898	2031046
476.08795	2046612
476.09687	2004835
476.10577	2060529
476.1147	2028032
476.12359	2142223
476.13252	2068509
476.14143	2163820
476.15046	2187322
476.15933	2121865
476.1682	2209943
476.17715	2206694
476.18608	2234100
476.19497	2208771
476.20385	2256401
476.21277	2350176
476.22173	2492526
476.23077	2420157
476.2397	2387659
476.24858	2342042
476.25751	2473192
476.26646	2471159
476.27537	2414021
476.28428	2502484
476.29321	2472226
476.30212	2572016
476.31107	2546303
476.31996	2589901
476.32892	2707868
476.33787	2626154
476.34675	2667833
476.35569	2738631
476.36458	2856853
476.37359	2865060
476.38252	2787250
476.3914	2871552
476.40038	2979791
476.40933	2910429
476.41822	2967660
476.42712	3000826
476.43609	3112584
476.44507	3117847
476.45396	3116325
476.46288	3148595
476.47182	3276225
476.48075	3255888
476.4897	3344734
476.49861	3354348
476.50755	3458299
476.51652	3514889
476.52547	3501335
476.53438	3531173
476.5433	3635892
476.55225	3691714
476.56119	3751632
477.06685	594145920
477.57333	3024750
477.58234	3067387
477.59135	2905225
477.60032	2826838
477.60926	2711652
477.61819	2709873
477.62721	2739902
477.63622	2586636
477.64516	2507865
477.65412	2505319
477.66312	2487092
477.67212	2420609
477.68109	2321231
477.69003	2262044
477.69899	2263914
477.708	2270775
477.71702	2202692
477.72601	2107858
477.73495	2049695
477.74391	2017452
477.75285	1987450
477.76184	1959943
477.77081	1929620
477.77978	1852322
477.78876	1875375
477.79771	1710396
477.80659	1737417
477.81545	1736983
477.82444	1717668
478.07063	132895824
479.07288	27147470
479.08546	9046494
480.07496	4342699
488.23782	2108653
493.06135	5098868
494.06304	1250549
499.04778	14755178
500.05191	3548753
505.09753	2628889
509.22229	999114
533.09356	774026
535.02686	865441
539.50286	2154482
540.50841	817988
545.4685	1162803
549.08643	2001234
553.2512	639215
553.59009	637508
553.60229	631553
553.63854	656184
553.65074	636101
553.66281	648322
553.67496	639791
553.68671	616172
553.69861	716089
553.71096	804982
553.72328	746131
553.73524	722768
553.74723	758893
553.75924	771530
554.26092	129290336
554.76291	1479879
555.10133	1672408
555.26371	38582724
556.26736	7221822
556.28448	1685085
557.26727	1164184
567.03779	826018
567.53464	1467395
568.53627	790572
571.16604	581914
573.34318	708572
576.24466	1075166
577.13213	1280975
578.13807	666766
590.2348	780077
593.12722	729697
593.14843	1855853
594.15659	628734
598.2662	945554
598.2858	3045677
599.2903	1226736
609.14491	7711152
610.14644	2291422
611.1491	715476
611.2817	983688
612.22233	1103600
613.12845	657591
613.53418	648771
614.2157	613013
622.25031	1232624
680.21104	1047462
680.71522	697314
