m/z	I
97.58886	709044
98.57341	1549016
98.57507	536107
98.57661	561059
99.28828	1233276
99.65821	6088858
99.65874	2617239
99.65916	2308403
99.65981	2113023
99.6613	1554117
103.72304	389345
108.39502	329318
110.86044	416301
112.14311	406404
112.72489	2303306
112.72556	1339403
112.72893	734034
112.98549	588657
121.39678	1327395
121.40147	498647
124.25156	497009
124.66216	1944868
124.66304	994498
124.66717	669079
129.49635	483744
141.6323	473688
141.63562	317711
157.12389	409231
159.02286	1710519
159.36383	1259100
173.00967	399320
179.03518	458051
179.05662	390035
184.76313	1292243
199.17033	622966
212.07529	491816
214.14495	1481144
227.20179	4750995
228.16062	5528038
228.20495	629321
229.16405	874398
230.03284	1289865
230.53481	472812
231.04069	812062
233.15503	1302144
238.0302	73459880
238.53188	17324424
239.03263	2832507
239.09314	525344
239.53362	570401
241.01195	465193
241.21742	3821810
242.12216	888904
242.17627	52247916
242.23764	655325
243.17962	7046219
244.15548	565656
244.18357	637754
246.02751	1283026
248.96049	1209861
249.02113	4149630
249.14917	543907
249.52279	994875
252.04659	509824
253.21736	3735523
254.17578	696546
254.22073	830695
255.08076	553451
255.12176	761403
255.13958	848862
255.23301	91716088
255.34478	740605
255.35247	746166
255.36023	719583
256.15543	941071
256.19305	1056254
256.2363	15963117
257.23981	1425694
258.17125	1325025
265.14795	10774293
266.15153	1313423
267.23304	1200191
269.08859	483854
269.21247	521512
269.24871	6870938
269.25294	1519146
270.17087	1093238
270.20746	2406384
270.25209	1217411
271.22785	963005
272.18674	2613682
276.62743	2430031
277.12858	567372
278.15273	557914
279.16381	633075
279.23282	2015253
281.24862	10066326
282.25168	1994969
282.88775	632719
282.92229	743840
282.94115	722497
282.96637	823698
282.96963	787890
282.97588	847066
282.98843	861603
283.00113	855475
283.26422	223712864
283.55653	861440
283.57242	815048
283.60407	760585
283.71151	613757
284.14889	493214
284.17728	662863
284.18064	580823
284.26758	43337604
285.27094	3687196
289.07178	27876456
290.07517	4717670
291.07567	519757
293.12429	893195
293.17943	4733740
293.18416	1180156
294.18341	1056060
295.046	4252312
297.15299	23997342
297.24244	1103680
297.27972	1488173
298.15642	4221722
299.07705	1746109
299.11309	744642
299.14863	1196559
299.25921	1093494
300.02804	540722
301.03546	3607738
301.2384	1912522
302.03499	648364
303.05077	1031910
304.06972	674462
305.06662	8399143
306.06995	1198227
307.1917	559653
309.17429	3986251
310.1634	875239
310.99158	542810
311.04101	4187489
311.16859	69507400
311.26594	1029220
311.29525	5113645
312.17198	12837499
312.29841	1259843
313.16425	2887368
313.17674	1120077
315.025	2093739
315.07248	885595
315.10901	852808
315.52685	790379
319.02765	652470
319.04534	527337
319.08244	506531
321.21993	9011596
322.2234	1627525
323.13459	1525621
323.2201	1442801
325.04846	2545669
325.0578	1140569
325.09331	4351800
325.18411	63199680
326.18749	12040366
327.04507	871362
327.17985	2592541
327.19119	1065222
327.25367	914737
328.1832	595980
329.0878	1571795
329.19098	4719057
329.19754	1072291
329.26944	4013939
330.19415	1320661
330.27331	852528
331.03749	1080732
331.06693	2469409
335.07719	1569809
336.32705	9655102
337.07722	1756746
337.09291	1603265
337.20598	1402620
337.30926	572637
337.33025	2197083
339.19977	34240496
339.29724	595179
339.32615	1725976
340.20314	7112741
341.08706	2159362
341.10878	3264171
341.19513	1597216
341.20636	745365
341.26964	827496
343.10254	655472
343.99475	2027947
345.11864	1224847
346.27555	625479
347.11603	566022
350.30602	2807680
351.25139	1987664
351.3092	547109
352.25541	504095
352.32273	517142
353.19999	2565606
353.21624	633228
353.34287	762973
354.30102	1108169
355.10336	1152450
355.28508	5061273
356.28895	1347729
357.05937	1168804
364.28522	1339044
365.24599	1584652
366.30098	589255
367.35781	2547963
368.31748	950794
368.36175	578345
369.29985	602247
370.2955	708091
371.09741	656432
372.30357	8732305
373.30682	2094935
374.24463	4307505
374.30077	3100017
375.27508	4765472
375.28302	1095423
376.27901	980621
377.08572	1136273
377.18193	1262630
379.10399	1212724
380.27976	696835
381.23087	800523
381.37405	1262420
382.25512	515847
382.33244	24058260
383.33594	5908643
383.34408	1402018
384.31189	549701
384.34022	791908
386.28291	1081609
386.29132	1427273
387.11387	3241073
388.29865	2214842
389.01432	871026
389.30217	709481
390.23921	634084
390.29541	904941
391.03132	756800
393.27719	2176711
395.19223	989849
395.27517	773274
395.38948	887677
396.31168	1890418
396.34921	1030567
397.22542	1238954
397.31436	717983
397.33214	692410
398.02117	849483
398.28757	902167
398.32701	5742598
399.33095	1336974
401.14332	654881
402.27602	561003
403.06441	542485
403.30613	6769782
403.31547	1476248
404.29326	7061184
404.30986	2096262
405.02794	2728044
405.26562	560280
405.29608	1743699
405.52966	1138959
406.2904	2074615
406.31145	594144
406.6971	2076824
407.19888	939538
407.29364	694982
410.22078	2324423
410.36338	598275
412.2177	953431
412.3066	1238580
414.03273	1384551
414.32204	17595000
415.31549	1187930
415.32511	4271715
416.32861	802129
416.33856	1176122
418.2732	876524
420.24987	9744322
420.28864	1782285
421.04126	1922625
421.25323	2044297
421.54204	942444
422.69112	884106
428.30162	873108
430.31709	2908679
431.19247	1354803
432.33196	835258
446.31184	1481633
447.09247	4591457
448.0966	1168496
449.10906	2726621
451.103	4115062
461.072	11120330
461.08409	2435815
462.07561	2712745
463.08772	27581628
464.0913	6514870
465.09339	1426708
475.81152	1420475
475.83832	1474244
475.88295	1483720
475.90075	1481571
475.92745	1561580
475.93642	1481722
475.95422	1620085
475.96315	1573603
475.9721	1576240
475.98104	1550590
475.98992	1555211
475.99875	1540313
476.00772	1649190
476.01663	1604276
476.02552	1631554
476.03449	1687439
476.04344	1647325
476.05233	1627626
476.06127	1679416
476.07901	1716435
476.08791	1657184
476.09679	1668910
476.10564	1725755
476.11465	1873417
476.12359	1785366
476.1325	1814884
476.14148	1889777
476.15043	1862975
476.1594	1837196
476.16826	1864921
476.17716	1825639
476.18602	1891380
476.19497	1965442
476.20392	1971279
476.21286	1979421
476.22177	2033258
476.23077	2090935
476.2397	2037381
476.24862	2038674
476.25755	2026144
476.26639	2021485
476.27534	2135931
476.28431	2140872
476.29322	2079061
476.30208	2154531
476.31102	2267760
476.32003	2241405
476.32891	2242763
476.33787	2299736
476.34684	2311909
476.35576	2313267
476.36458	2269248
476.37351	2403853
476.38247	2387675
476.39141	2492776
476.40032	2434741
476.40925	2541827
476.41823	2550224
476.42714	2545053
476.43606	2601003
476.445	2679864
476.45398	2697925
476.46288	2711506
476.47181	2774048
476.48074	2793517
476.48967	2849274
476.49861	2910791
476.50757	2957717
476.51651	2933154
476.52542	3006255
476.53434	3051132
476.54325	3164042
476.55222	3223575
476.56122	3312932
477.06688	505040640
477.57341	2618323
477.5824	2604319
477.59143	2518316
477.60037	2351865
477.6093	2367877
477.61828	2325394
477.62728	2308830
477.63629	2242795
477.64524	2115575
477.65418	2155460
477.66321	2129616
477.6722	2023196
477.68115	2004073
477.69019	2017397
477.69917	1820546
477.7081	1870926
477.71709	1774427
477.72597	1684263
477.73494	1832180
477.74401	1710528
477.75294	1642572
477.76192	1646937
477.77089	1552485
477.77981	1502386
477.78868	1463422
477.79765	1545771
477.80658	1437879
477.81551	1480323
477.84224	1495048
478.07064	113173632
479.07291	22510760
479.08548	7185079
480.07509	3776792
488.23795	1833504
493.06124	4717841
494.06239	1125235
499.04791	11161645
500.05215	2654174
505.09765	2130058
509.22242	1529900
539.5015	828730
549.08617	1703885
553.65052	663247
553.66277	628781
553.68647	619850
553.69874	764025
553.7111	704535
553.72312	677718
553.73525	758580
553.75906	838257
554.26093	125201944
554.76282	1302584
555.26376	37400552
556.26744	7254713
556.28452	1676122
557.26761	1186560
567.03786	805501
567.53068	669905
571.16649	611727
576.2444	1225358
577.13085	976360
593.12584	825044
593.14824	1229186
598.2849	1994954
599.29007	923292
609.14491	5805792
610.14579	1660718
611.14864	732033
611.28223	1003441
612.2247	691091
620.59367	693425
622.24874	1864094
623.24665	765967
644.23424	743980
680.21038	1273427
680.71327	928267
